#Cube Limits
# min   max   n points
-15.0   15.0   20
-15.0   15.0   20
-15.0   15.0   20
#       Position (x,y,z)             Integration   Width
   0.00000    4.00000    0.00000       1.00000    2.00000
   3.46410   -2.00000    0.00000       1.00000    2.00000
  -3.46410   -2.00000    0.00000       1.00000    2.00000
#   0.00000    3.00000    0.00000       1.50000    1.30000
#   2.85317    0.92705    0.00000       1.50000    1.30000
#   1.76336   -2.42705    0.00000       1.50000    1.30000
#  -1.76336   -2.42705    0.00000       1.50000    1.30000
#  -2.85317    0.92705    0.00000       1.50000    1.30000
#   0.00000    7.00000    0.00000       1.00000    1.30000
#   5.47282    4.36443    0.00000       1.00000    1.30000
#   6.82450   -1.55765    0.00000       1.00000    1.30000
#   3.03719   -6.30678    0.00000       1.00000    1.30000
#  -3.03719   -6.30678    0.00000       1.00000    1.30000
#  -6.82450   -1.55765    0.00000       1.00000    1.30000
#  -5.47282    4.36443    0.00000       1.00000    1.30000