#Cube Limits
# min   max   n points
-10.0   10.0   20
-10.0   10.0   20
-10.0   10.0   20
#       Position (x,y,z)             Integration   Width
   0.00000    3.00000    -5.00000       1.50000    1.30000
   2.85317    0.92705    -5.00000       1.50000    1.30000
   1.76336   -2.42705    -5.00000       1.50000    1.30000
  -1.76336   -2.42705    -5.00000       1.50000    1.30000
  -2.85317    0.92705    -5.00000       1.50000    1.30000
   0.00000    7.00000    5.00000       1.00000    1.30000
   5.47282    4.36443    5.00000       1.00000    1.30000
   6.82450   -1.55765    5.00000       1.00000    1.30000
   3.03719   -6.30678    5.00000       1.00000    1.30000
  -3.03719   -6.30678    5.00000       1.00000    1.30000
  -6.82450   -1.55765    5.00000       1.00000    1.30000
  -5.47282    4.36443    5.00000       1.00000    1.30000